-50 0
-49 0
-48 0
-47 1
-46 0
-45 0
-44 2
-43 0
-42 0
-41 1
-40 0
-39 2
-38 4
-37 2
-36 1
-35 1
-34 3
-33 2
-32 3
-31 0
-30 2
-29 0
-28 0
-27 1
-26 0
-25 2
-24 1
-23 1
-22 3
-21 2
-20 1
-19 1
-18 2
-17 0
-16 1
-15 1
-14 1
-13 1
-12 0
-11 0
-10 2
-9 0
-8 0
-7 0
-6 2
-5 1
-4 2
-3 0
-2 1
-1 1
0 0
1 0
2 1
3 0
4 0
5 2
6 0
7 0
8 0
9 0
10 0
11 1
12 1
13 0
14 0
15 1
16 0
17 0
18 1
19 0
20 0
21 0
22 0
23 1
24 1
25 0
26 0
27 0
28 0
29 0
30 0
31 1
32 0
33 0
34 0
35 0
36 1
37 0
38 1
39 0
40 1
41 0
42 0
43 0
44 1
45 1
46 0
47 0
48 0
49 1
50 1
51 1
52 0
53 0
54 0
55 0
56 1
57 0
58 0
59 0
60 0
61 1
62 0
63 0
64 1
65 0
66 1
67 0
68 0
69 0
70 1
71 0
72 0
73 0
74 0
75 0
76 0
77 0
78 0
79 1
80 1
81 0
82 0
83 0
84 0
85 1
86 0
87 0
88 0
89 0
90 0
91 0
92 0
93 0
94 0
95 0
96 0
97 0
98 0
99 0
100 0
101 0
102 0
103 0
104 0
105 0
106 0
107 0
108 0
109 0
110 0
111 0
112 1
113 0
114 0
115 1
116 1
117 0
118 2
119 1
120 0
121 2
122 0
123 0
124 0
125 0
126 0
127 0
128 0
129 1
130 0
131 0
132 1
133 1
134 0
135 1
136 0
137 0
138 0
139 0
140 0
141 0
142 0
143 1
144 0
145 0
146 0
147 1
148 0
149 0
150 1
151 1
152 1
153 0
154 0
155 0
156 1
157 0
158 0
159 1
160 0
161 0
162 0
163 0
164 1
165 0
166 0
167 0
168 0
169 0
170 2
171 0
172 0
173 1
174 0
175 2
176 0
177 0
178 0
179 0
180 0
181 2
182 0
183 0
184 1
185 2
186 0
187 0
188 0
189 0
190 0
191 0
192 0
193 0
194 0
195 0
196 1
197 0
198 0
199 1
200 1
201 1
202 0
203 2
204 0
205 0
206 0
207 0
208 1
209 1
210 0
211 1
212 0
213 1
214 1
215 0
216 0
217 1
218 1
219 0
220 1
221 0
222 1
223 1
224 0
225 0
226 0
227 0
228 2
229 0
230 0
231 0
232 1
233 0
234 0
235 0
236 0
237 1
238 0
239 0
240 1
241 1
242 1
243 0
244 1
245 0
246 0
247 0
248 2
249 1
250 0
251 4
252 0
253 0
254 1
255 0
256 2
257 0
258 2
259 1
260 3
261 1
262 1
263 0
264 0
265 3
266 0
267 0
268 1
269 1
270 1
271 0
272 1
273 1
274 1
275 0
276 0
277 3
278 2
279 1
280 1
281 3
282 1
283 0
284 2
285 1
286 2
287 2
288 1
289 0
290 0
291 1
292 0
293 2
294 0
295 1
296 2
297 1
298 0
299 0
300 2
301 1
302 2
303 1
304 2
305 2
306 3
307 3
308 1
309 0
310 0
311 2
312 0
313 2
314 0
315 2
316 1
317 2
318 1
319 1
320 1
321 0
322 0
323 0
324 0
325 1
326 3
327 3
328 0
329 0
330 0
331 2
332 2
333 1
334 1
335 0
336 2
337 1
338 1
339 16
340 21
341 3
342 1
343 1
344 21
345 39
346 194
347 667
348 842
349 881
350 892
351 335
352 814
353 1217
354 837
355 557
356 1091
357 1106
358 1431
359 1454
360 1068
361 1394
362 679
363 946
364 978
365 572
366 649
367 704
368 495
369 547
370 527
371 433
372 483
373 487
374 464
375 657
376 408
377 545
378 596
379 469
380 498
381 417
382 412
383 522
384 543
385 355
386 350
387 342
388 324
389 372
390 300
391 332
392 292
393 353
394 293
395 326
396 272
397 258
398 329
399 271
400 261
401 255
402 330
403 266
404 253
405 230
406 241
407 222
408 215
409 237
410 192
411 219
412 198
413 168
414 203
415 168
416 173
417 182
418 194
419 185
420 142
421 191
422 183
423 177
424 164
425 179
426 142
427 131
428 143
429 132
430 134
431 142
432 130
433 129
434 121
435 107
436 101
437 131
438 138
439 95
440 100
441 125
442 104
443 98
444 79
445 89
446 70
447 87
448 73
449 104
450 100
451 66
452 90
453 89
454 76
455 105
456 85
457 84
458 62
459 94
460 91
461 84
462 68
463 68
464 60
465 74
466 71
467 78
468 47
469 75
470 43
471 57
472 52
473 62
474 70
475 65
476 55
477 54
478 58
479 61
480 61
481 59
482 48
483 53
484 54
485 42
486 40
487 55
488 48
489 34
490 36
491 47
492 50
493 57
494 48
495 56
496 34
497 49
498 33
499 34
500 36
501 47
502 37
503 34
504 36
505 32
506 41
507 57
508 29
509 39
510 46
511 38
512 31
513 46
514 36
515 37
516 44
517 41
518 28
519 38
520 29
521 42
522 43
523 30
524 31
525 29
526 29
527 33
528 21
529 31
530 26
531 29
532 31
533 37
534 35
535 30
536 22
537 25
538 28
539 25
540 20
541 33
542 31
543 24
544 33
545 25
546 29
547 18
548 27
549 26
550 33
551 27
552 20
553 26
554 28
555 37
556 27
557 32
558 37
559 29
560 48
561 61
562 63
563 68
564 52
565 78
566 139
567 114
568 100
569 137
570 185
571 130
572 136
573 178
574 206
575 167
576 189
577 207
578 168
579 183
580 213
581 197
582 181
583 206
584 187
585 188
586 197
587 174
588 210
589 206
590 187
591 168
592 220
593 176
594 175
595 152
596 161
597 165
598 174
599 149
600 163
601 186
602 190
603 181
604 173
605 184
606 161
607 145
608 169
609 197
610 160
611 172
612 154
613 176
614 171
615 139
616 152
617 169
618 152
619 171
620 146
621 169
622 157
623 151
624 163
625 129
626 145
627 148
628 165
629 151
630 149
631 142
632 149
633 143
634 132
635 159
636 144
637 130
638 122
639 116
640 120
641 125
642 104
643 140
644 125
645 142
646 124
647 126
648 125
649 120
650 135
651 98
652 122
653 121
654 115
655 127
656 117
657 123
658 132
659 98
660 109
661 133
662 122
663 117
664 118
665 106
666 106
667 97
668 108
669 104
670 113
671 115
672 114
673 117
674 94
675 115
676 93
677 109
678 108
679 109
680 94
681 104
682 115
683 88
684 99
685 81
686 85
687 104
688 95
689 117
690 108
691 87
692 126
693 106
694 118
695 110
696 133
697 119
698 132
699 126
700 136
701 147
702 143
703 122
704 114
705 158
706 137
707 144
708 122
709 152
710 142
711 147
712 151
713 160
714 162
715 136
716 161
717 148
718 144
719 155
720 141
721 140
722 147
723 148
724 158
725 183
726 156
727 156
728 157
729 169
730 152
731 162
732 163
733 163
734 168
735 160
736 156
737 164
738 150
739 172
740 159
741 170
742 164
743 165
744 174
745 181
746 168
747 175
748 184
749 172
750 158
751 184
752 175
753 162
754 188
755 183
756 170
757 178
758 184
759 166
760 202
761 167
762 164
763 166
764 182
765 178
766 172
767 205
768 190
769 179
770 188
771 174
772 182
773 205
774 177
775 191
776 179
777 198
778 203
779 188
780 183
781 218
782 162
783 192
784 211
785 201
786 192
787 197
788 193
789 203
790 219
791 182
792 185
793 220
794 194
795 189
796 205
797 173
798 183
799 220
800 185
801 203
802 183
803 202
804 185
805 184
806 206
807 215
808 204
809 188
810 210
811 178
812 199
813 187
814 183
815 207
816 210
817 196
818 193
819 198
820 186
821 205
822 195
823 190
824 190
825 196
826 197
827 222
828 183
829 226
830 216
831 226
832 218
833 223
834 177
835 200
836 214
837 196
838 217
839 217
840 213
841 189
842 192
843 202
844 190
845 190
846 166
847 210
848 193
849 201
850 212
851 213
852 197
853 189
854 228
855 203
856 209
857 195
858 199
859 186
860 193
861 203
862 211
863 230
864 186
865 215
866 196
867 190
868 177
869 216
870 204
871 213
872 186
873 214
874 193
875 184
876 202
877 206
878 220
879 203
880 213
881 230
882 212
883 237
884 229
885 214
886 190
887 234
888 177
889 221
890 197
891 177
892 207
893 206
894 218
895 214
896 213
897 186
898 203
899 211
900 205
901 192
902 193
903 218
904 214
905 207
906 216
907 196
908 200
909 205
910 211
911 199
912 195
913 170
914 196
915 188
916 197
917 188
918 184
919 211
920 221
921 234
922 194
923 200
924 206
925 189
926 211
927 211
928 199
929 211
930 179
931 211
932 210
933 196
934 215
935 192
936 211
937 214
938 207
939 232
940 200
941 215
942 204
943 213
944 212
945 210
946 254
947 210
948 223
949 224
950 231
951 228
952 220
953 200
954 202
955 210
956 188
957 226
958 193
959 215
960 215
961 212
962 220
963 190
964 226
965 232
966 234
967 227
968 229
969 219
970 196
971 224
972 232
973 208
974 202
975 217
976 198
977 212
978 226
979 259
980 186
981 208
982 228
983 209
984 218
985 214
986 221
987 224
988 236
989 217
990 246
991 215
992 222
993 233
994 214
995 210
996 195
997 229
998 234
999 225
1000 246
1001 226
1002 214
1003 203
1004 227
1005 233
1006 225
1007 244
1008 202
1009 241
1010 209
1011 224
1012 230
1013 221
1014 223
1015 220
1016 228
1017 222
1018 224
1019 217
1020 218
1021 223
1022 229
1023 243
1024 245
1025 250
1026 255
1027 239
1028 221
1029 215
1030 241
1031 253
1032 232
1033 245
1034 251
1035 235
1036 264
1037 217
1038 244
1039 279
1040 248
1041 249
1042 246
1043 252
1044 269
1045 244
1046 251
1047 239
1048 221
1049 240
1050 242
1051 232
1052 260
1053 245
1054 267
1055 230
1056 222
1057 245
1058 236
1059 274
1060 267
1061 294
1062 251
1063 231
1064 274
1065 262
1066 227
1067 248
1068 250
1069 227
1070 242
1071 265
1072 243
1073 245
1074 261
1075 228
1076 254
1077 256
1078 253
1079 242
1080 256
1081 260
1082 310
1083 253
1084 254
1085 276
1086 251
1087 259
1088 273
1089 237
1090 254
1091 257
1092 240
1093 236
1094 237
1095 264
1096 252
1097 253
1098 270
1099 258
1100 273
1101 273
1102 283
1103 244
1104 225
1105 262
1106 243
1107 274
1108 268
1109 266
1110 268
1111 277
1112 291
1113 268
1114 288
1115 261
1116 271
1117 279
1118 262
1119 295
1120 269
1121 269
1122 246
1123 289
1124 291
1125 266
1126 304
1127 289
1128 262
1129 260
1130 285
1131 296
1132 300
1133 297
1134 283
1135 312
1136 260
1137 312
1138 289
1139 309
1140 285
1141 306
1142 254
1143 317
1144 267
1145 286
1146 296
1147 332
1148 315
1149 299
1150 332
1151 289
1152 307
1153 305
1154 312
1155 323
1156 317
1157 330
1158 335
1159 313
1160 324
1161 315
1162 299
1163 311
1164 311
1165 295
1166 283
1167 311
1168 339
1169 314
1170 346
1171 333
1172 331
1173 322
1174 340
1175 285
1176 312
1177 325
1178 290
1179 321
1180 327
1181 310
1182 338
1183 341
1184 306
1185 317
1186 323
1187 325
1188 303
1189 308
1190 313
1191 317
1192 316
1193 296
1194 328
1195 331
1196 317
1197 311
1198 331
1199 344
1200 357
1201 331
1202 371
1203 345
1204 331
1205 329
1206 358
1207 359
1208 364
1209 386
1210 346
1211 326
1212 371
1213 336
1214 339
1215 370
1216 373
1217 357
1218 349
1219 360
1220 372
1221 361
1222 313
1223 404
1224 363
1225 364
1226 359
1227 332
1228 385
1229 328
1230 376
1231 385
1232 400
1233 354
1234 353
1235 391
1236 387
1237 384
1238 384
1239 418
1240 397
1241 413
1242 393
1243 429
1244 408
1245 622
1246 477
1247 460
1248 543
1249 486
1250 494
1251 495
1252 493
1253 500
1254 477
1255 462
1256 521
1257 491
1258 448
1259 477
1260 480
1261 461
1262 487
1263 499
1264 481
1265 489
1266 512
1267 477
1268 510
1269 456
1270 466
1271 508
1272 488
1273 465
1274 469
1275 483
1276 492
1277 485
1278 446
1279 454
1280 451
1281 489
1282 463
1283 473
1284 444
1285 441
1286 417
1287 411
1288 451
1289 468
1290 448
1291 471
1292 455
1293 406
1294 397
1295 485
1296 450
1297 431
1298 484
1299 467
1300 459
1301 444
1302 434
1303 451
1304 444
1305 433
1306 441
1307 451
1308 517
1309 478
1310 464
1311 472
1312 525
1313 436
1314 437
1315 464
1316 484
1317 437
1318 482
1319 522
1320 490
1321 406
1322 464
1323 446
1324 505
1325 505
1326 467
1327 481
1328 453
1329 499
1330 456
1331 450
1332 417
1333 398
1334 440
1335 433
1336 411
1337 415
1338 390
1339 399
1340 418
1341 436
1342 395
1343 390
1344 423
1345 370
1346 373
1347 410
1348 419
1349 399
1350 369
1351 389
1352 368
1353 365
1354 396
1355 399
1356 372
1357 587
1358 395
1359 387
1360 355
1361 488
1362 501
1363 642
1364 1055
1365 552
1366 1318
1367 1076
1368 1238
1369 1540
1370 1332
1371 1866
1372 1272
1373 1121
1374 1179
1375 1185
1376 1171
1377 1059
1378 1080
1379 947
1380 963
1381 622
1382 1271
1383 892
1384 1172
1385 880
1386 787
1387 821
1388 761
1389 659
1390 707
1391 776
1392 796
1393 684
1394 738
1395 664
1396 686
1397 649
1398 937
1399 1087
1400 766
1401 785
1402 986
1403 882
1404 1004
1405 888
1406 991
1407 901
1408 1025
1409 1045
1410 1049
1411 896
1412 946
1413 1202
1414 1021
1415 862
1416 845
1417 1041
1418 617
1419 778
1420 614
1421 607
1422 570
1423 723
1424 920
1425 610
1426 595
1427 601
1428 611
1429 712
1430 685
1431 552
1432 593
1433 673
1434 528
1435 563
1436 576
1437 527
1438 503
1439 518
1440 527
1441 546
1442 520
1443 459
1444 524
1445 464
1446 468
1447 441
1448 472
1449 442
1450 438
1451 417
1452 449
1453 417
1454 440
1455 414
1456 428
1457 424
1458 427
1459 384
1460 417
1461 386
1462 362
1463 370
1464 389
1465 364
1466 349
1467 338
1468 369
1469 354
1470 354
1471 341
1472 357
1473 351
1474 327
1475 322
1476 334
1477 340
1478 363
1479 345
1480 295
1481 317
1482 307
1483 314
1484 292
1485 288
1486 336
1487 362
1488 335
1489 304
1490 289
1491 291
1492 274
1493 292
1494 285
1495 313
1496 265
1497 296
1498 258
1499 245
1500 274
1501 277
1502 281
1503 276
1504 259
1505 277
1506 284
1507 274
1508 267
1509 266
1510 244
1511 231
1512 245
1513 250
1514 248
1515 271
1516 247
1517 232
1518 243
1519 204
1520 244
1521 222
1522 249
1523 247
1524 246
1525 259
1526 200
1527 214
1528 238
1529 240
1530 199
1531 236
1532 208
1533 217
1534 237
1535 211
1536 213
1537 227
1538 181
1539 219
1540 234
1541 231
1542 219
1543 220
1544 198
1545 189
1546 240
1547 215
1548 211
1549 207
1550 183
1551 200
1552 193
1553 179
1554 205
1555 197
1556 219
1557 181
1558 207
1559 182
1560 188
1561 191
1562 192
1563 195
1564 174
1565 214
1566 192
1567 196
1568 167
1569 180
1570 178
1571 182
1572 169
1573 178
1574 174
1575 159
1576 171
1577 159
1578 162
1579 174
1580 147
1581 180
1582 158
1583 183
1584 176
1585 172
1586 192
1587 145
1588 146
1589 162
1590 161
1591 172
1592 173
1593 156
1594 188
1595 135
1596 135
1597 152
1598 159
1599 176
1600 244
1601 242
1602 245
1603 254
1604 238
1605 224
1606 217
1607 198
1608 227
1609 233
1610 215
1611 226
1612 231
1613 216
1614 203
1615 234
1616 195
1617 235
1618 209
1619 229
1620 226
1621 236
1622 201
1623 229
1624 217
1625 224
1626 212
1627 204
1628 211
1629 235
1630 213
1631 199
1632 204
1633 215
1634 192
1635 212
1636 228
1637 229
1638 164
1639 202
1640 177
1641 187
1642 195
1643 178
1644 205
1645 166
1646 193
1647 167
1648 175
1649 207
1650 199
1651 189
1652 185
1653 172
1654 174
1655 171
1656 175
1657 155
1658 172
1659 183
1660 175
1661 176
1662 166
1663 154
1664 169
1665 175
1666 161
1667 166
1668 172
1669 157
1670 145
1671 178
1672 171
1673 150
1674 154
1675 167
1676 148
1677 134
1678 176
1679 150
1680 142
1681 153
1682 155
1683 147
1684 153
1685 141
1686 168
1687 158
1688 150
1689 140
1690 148
1691 138
1692 136
1693 137
1694 163
1695 125
1696 146
1697 150
1698 139
1699 127
1700 188
1701 178
1702 186
1703 185
1704 171
1705 179
1706 191
1707 188
1708 171
1709 179
1710 146
1711 157
1712 167
1713 161
1714 186
1715 171
1716 148
1717 162
1718 149
1719 169
1720 163
1721 168
1722 155
1723 154
1724 138
1725 181
1726 163
1727 179
1728 137
1729 147
1730 160
1731 150
1732 132
1733 165
1734 152
1735 172
1736 148
1737 124
1738 148
1739 139
1740 156
1741 127
1742 170
1743 149
1744 125
1745 127
1746 117
1747 152
1748 127
1749 120
1750 138
1751 141
1752 111
1753 147
1754 111
1755 131
1756 130
1757 112
1758 126
1759 120
1760 127
1761 128
1762 111
1763 124
1764 133
1765 130
1766 124
1767 114
1768 93
1769 96
1770 106
1771 98
1772 111
1773 80
1774 106
1775 105
1776 105
1777 85
1778 101
1779 111
1780 76
1781 95
1782 95
1783 112
1784 95
1785 86
1786 73
1787 91
1788 70
1789 103
1790 81
1791 80
1792 77
1793 80
1794 74
1795 76
1796 70
1797 85
1798 87
1799 86
1800 67
1801 57
1802 72
1803 86
1804 87
1805 50
1806 66
1807 75
1808 77
1809 62
1810 81
1811 76
1812 81
1813 65
1814 61
1815 64
1816 72
1817 64
1818 68
1819 56
1820 60
1821 66
1822 64
1823 52
1824 59
1825 62
1826 59
1827 72
1828 52
1829 60
1830 76
1831 65
1832 72
1833 81
1834 60
1835 64
1836 50
1837 53
1838 58
1839 57
1840 65
1841 51
1842 54
1843 59
1844 61
1845 54
1846 57
1847 60
1848 64
1849 58
1850 49
1851 63
1852 53
1853 52
1854 48
1855 59
1856 63
1857 58
1858 57
1859 51
1860 56
1861 42
1862 58
1863 47
1864 59
1865 56
1866 65
1867 62
1868 40
1869 47
1870 56
1871 58
1872 38
1873 55
1874 38
1875 59
1876 45
1877 46
1878 49
1879 58
1880 43
1881 51
1882 44
1883 36
1884 47
1885 46
1886 46
1887 32
1888 39
1889 49
1890 43
1891 47
1892 46
1893 44
1894 48
1895 46
1896 44
1897 44
1898 37
1899 51
1900 98
1901 99
1902 103
1903 89
1904 95
1905 79
1906 107
1907 74
1908 94
1909 91
1910 107
1911 83
1912 91
1913 77
1914 84
1915 97
1916 84
1917 98
1918 70
1919 79
1920 82
1921 69
1922 65
1923 87
1924 89
1925 85
1926 81
1927 70
1928 77
1929 71
1930 79
1931 77
1932 76
1933 69
1934 81
1935 69
1936 70
1937 73
1938 72
1939 73
1940 71
1941 70
1942 66
1943 59
1944 63
1945 60
1946 65
1947 71
1948 62
1949 70
1950 57
1951 72
1952 61
1953 56
1954 60
1955 50
1956 65
1957 67
1958 54
1959 57
1960 69
1961 56
1962 50
1963 66
1964 57
1965 61
1966 51
1967 49
1968 57
1969 63
1970 57
1971 58
1972 66
1973 56
1974 51
1975 52
1976 51
1977 51
1978 47
1979 42
1980 62
1981 41
1982 42
1983 53
1984 62
1985 52
1986 40
1987 40
1988 54
1989 33
1990 40
1991 56
1992 49
1993 51
1994 35
1995 39
1996 42
1997 48
1998 54
1999 34
2000 52
2001 56
2002 41
2003 46
2004 53
2005 47
2006 44
2007 43
2008 41
2009 38
2010 31
2011 44
2012 47
2013 46
2014 41
2015 31
2016 49
2017 41
2018 42
2019 39
2020 41
2021 52
2022 40
2023 38
2024 31
2025 31
2026 31
2027 42
2028 32
2029 41
2030 41
2031 40
2032 31
2033 38
2034 32
2035 37
2036 33
2037 37
2038 30
2039 29
2040 41
2041 33
2042 45
2043 45
2044 40
2045 27
2046 29
2047 37
2048 28
2049 35
2050 32
2051 37
2052 29
2053 32
2054 22
2055 20
2056 22
2057 33
2058 30
2059 27
2060 31
2061 26
2062 21
2063 21
2064 25
2065 26
2066 29
2067 26
2068 38
2069 32
2070 30
2071 18
2072 28
2073 23
2074 21
2075 26
2076 27
2077 26
2078 28
2079 27
2080 35
2081 20
2082 20
2083 34
2084 31
2085 28
2086 29
2087 21
2088 15
2089 23
2090 28
2091 26
2092 22
2093 26
2094 23
2095 29
2096 22
2097 18
2098 30
2099 32
2100 70
2101 66
2102 57
2103 57
2104 69
2105 67
2106 66
2107 69
2108 52
2109 57
2110 52
2111 67
2112 63
2113 55
2114 47
2115 63
2116 74
2117 60
2118 59
2119 42
2120 45
2121 67
2122 49
2123 64
2124 53
2125 62
2126 52
2127 59
2128 54
2129 40
2130 47
2131 60
2132 57
2133 50
2134 54
2135 44
2136 51
2137 50
2138 47
2139 34
2140 44
2141 42
2142 43
2143 43
2144 40
2145 42
2146 36
2147 41
2148 43
2149 41
2150 36
2151 34
2152 59
2153 43
2154 36
2155 42
2156 43
2157 45
2158 25
2159 37
2160 32
2161 44
2162 33
2163 37
2164 42
2165 31
2166 34
2167 43
2168 42
2169 27
2170 34
2171 32
2172 33
2173 32
2174 35
2175 36
2176 32
2177 29
2178 38
2179 29
2180 34
2181 35
2182 33
2183 20
2184 27
2185 31
2186 24
2187 37
2188 26
2189 30
2190 26
2191 24
2192 37
2193 20
2194 29
2195 36
2196 27
2197 28
2198 27
2199 23
2200 28
2201 24
2202 31
2203 27
2204 23
2205 19
2206 40
2207 30
2208 21
2209 26
2210 24
2211 20
2212 22
2213 40
2214 24
2215 35
2216 19
2217 22
2218 27
2219 21
2220 20
2221 28
2222 27
2223 21
2224 21
2225 24
2226 23
2227 20
2228 13
2229 15
2230 22
2231 19
2232 26
2233 18
2234 15
2235 19
2236 24
2237 21
2238 25
2239 20
2240 25
2241 23
2242 23
2243 24
2244 20
2245 15
2246 17
2247 26
2248 21
2249 9
2250 20
2251 15
2252 17
2253 16
2254 19
2255 15
2256 23
2257 18
2258 22
2259 15
2260 17
2261 11
2262 16
2263 22
2264 19
2265 27
2266 17
2267 21
2268 16
2269 10
2270 12
2271 15
2272 15
2273 23
2274 12
2275 6
2276 10
2277 13
2278 9
2279 11
2280 21
2281 18
2282 11
2283 12
2284 13
2285 17
2286 9
2287 8
2288 17
2289 7
2290 14
2291 10
2292 14
2293 9
2294 10
2295 10
2296 13
2297 11
2298 11
2299 14
2300 19
2301 9
2302 16
2303 12
2304 14
2305 9
2306 15
2307 11
2308 11
2309 14
2310 14
2311 5
2312 9
2313 9
2314 12
2315 15
2316 7
2317 11
2318 8
2319 10
2320 9
2321 7
2322 15
2323 13
2324 9
2325 4
2326 12
2327 9
2328 3
2329 12
2330 14
2331 7
2332 7
2333 13
2334 7
2335 9
2336 7
2337 7
2338 11
2339 13
2340 10
2341 9
2342 7
2343 8
2344 6
2345 9
2346 7
2347 6
2348 3
2349 10
2350 5
2351 5
2352 5
2353 8
2354 4
2355 6
2356 8
2357 10
2358 9
2359 11
2360 10
2361 6
2362 6
2363 7
2364 6
2365 10
2366 5
2367 7
2368 8
2369 5
2370 9
2371 6
2372 4
2373 6
2374 4
2375 8
2376 8
2377 7
2378 4
2379 5
2380 7
2381 11
2382 4
2383 8
2384 10
2385 6
2386 4
2387 6
2388 3
2389 4
2390 5
2391 4
2392 3
2393 4
2394 4
2395 2
2396 9
2397 7
2398 7
2399 4
2400 15
2401 18
2402 11
2403 13
2404 11
2405 9
2406 7
2407 18
2408 12
2409 10
2410 14
2411 12
2412 6
2413 14
2414 6
2415 13
2416 16
2417 13
2418 7
2419 7
2420 6
2421 14
2422 6
2423 9
2424 12
2425 13
2426 12
2427 11
2428 15
2429 7
2430 8
2431 6
2432 8
2433 10
2434 8
2435 8
2436 11
2437 7
2438 9
2439 9
2440 10
2441 10
2442 6
2443 3
2444 6
2445 5
2446 3
2447 6
2448 9
2449 10
2450 4
2451 6
2452 10
2453 4
2454 7
2455 8
2456 9
2457 7
2458 6
2459 5
2460 12
2461 8
2462 4
2463 5
2464 6
2465 5
2466 7
2467 6
2468 4
2469 5
2470 4
2471 7
2472 3
2473 7
2474 7
2475 5
2476 2
2477 4
2478 5
2479 5
2480 6
2481 4
2482 4
2483 2
2484 4
2485 5
2486 6
2487 7
2488 3
2489 2
2490 5
2491 5
2492 1
2493 2
2494 6
2495 5
2496 3
2497 5
2498 4
2499 3
2500 9
2501 6
2502 7
2503 3
2504 3
2505 4
2506 4
2507 5
2508 2
2509 5
2510 5
2511 1
2512 6
2513 2
2514 1
2515 6
2516 5
2517 1
2518 2
2519 2
2520 7
2521 5
2522 5
2523 9
2524 2
2525 7
2526 1
2527 6
2528 3
2529 7
2530 2
2531 8
2532 4
2533 4
2534 7
2535 6
2536 3
2537 4
2538 2
2539 2
2540 3
2541 1
2542 2
2543 1
2544 3
2545 1
2546 2
2547 2
2548 0
2549 5
2550 5
2551 0
2552 3
2553 2
2554 4
2555 5
2556 1
2557 2
2558 3
2559 5
2560 1
2561 3
2562 1
2563 7
2564 5
2565 3
2566 4
2567 4
2568 2
2569 3
2570 5
2571 4
2572 1
2573 2
2574 1
2575 2
2576 2
2577 1
2578 2
2579 2
2580 1
2581 3
2582 3
2583 0
2584 0
2585 1
2586 1
2587 4
2588 3
2589 3
2590 0
2591 2
2592 4
2593 5
2594 2
2595 3
2596 3
2597 3
2598 2
2599 5
2600 4
2601 6
2602 3
2603 5
2604 1
2605 3
2606 7
2607 2
2608 2
2609 2
2610 1
2611 3
2612 5
2613 2
2614 4
2615 1
2616 1
2617 2
2618 4
2619 0
2620 2
2621 3
2622 1
2623 5
2624 2
2625 0
2626 3
2627 2
2628 3
2629 3
2630 3
2631 2
2632 0
2633 2
2634 3
2635 2
2636 3
2637 2
2638 0
2639 2
2640 1
2641 4
2642 0
2643 2
2644 3
2645 2
2646 1
2647 3
2648 0
2649 1
2650 3
2651 1
2652 0
2653 2
2654 1
2655 5
2656 1
2657 1
2658 0
2659 1
2660 2
2661 3
2662 1
2663 3
2664 2
2665 3
2666 2
2667 1
2668 2
2669 1
2670 2
2671 3
2672 1
2673 5
2674 4
2675 2
2676 5
2677 1
2678 5
2679 3
2680 3
2681 2
2682 3
2683 0
2684 1
2685 1
2686 0
2687 1
2688 1
2689 1
2690 5
2691 2
2692 1
2693 1
2694 3
2695 2
2696 0
2697 2
2698 1
2699 1
2700 1
2701 3
2702 1
2703 3
2704 1
2705 3
2706 1
2707 0
2708 1
2709 2
2710 1
2711 4
2712 2
2713 1
2714 3
2715 1
2716 1
2717 0
2718 2
2719 0
2720 1
2721 1
2722 1
2723 1
2724 1
2725 1
2726 0
2727 0
2728 3
2729 1
2730 1
2731 1
2732 0
2733 0
2734 3
2735 1
2736 0
2737 2
2738 0
2739 3
2740 1
2741 0
2742 2
2743 2
2744 1
2745 1
2746 3
2747 1
2748 1
2749 3
2750 1
2751 1
2752 2
2753 0
2754 2
2755 0
2756 0
2757 2
2758 2
2759 1
2760 4
2761 1
2762 1
2763 4
2764 2
2765 2
2766 1
2767 0
2768 0
2769 1
2770 0
2771 0
2772 2
2773 2
2774 0
2775 2
2776 2
2777 3
2778 2
2779 2
2780 1
2781 1
2782 3
2783 1
2784 0
2785 1
2786 0
2787 2
2788 1
2789 1
2790 0
2791 1
2792 0
2793 0
2794 2
2795 0
2796 0
2797 0
2798 0
2799 2
2800 1
2801 1
2802 0
2803 1
2804 3
2805 0
2806 2
2807 0
2808 1
2809 1
2810 2
2811 0
2812 0
2813 0
2814 1
2815 0
2816 1
2817 0
2818 0
2819 1
2820 0
2821 3
2822 2
2823 2
2824 0
2825 3
2826 1
2827 0
2828 2
2829 0
2830 2
2831 0
2832 1
2833 1
2834 0
2835 0
2836 1
2837 3
2838 0
2839 0
2840 0
2841 1
2842 0
2843 0
2844 3
2845 0
2846 2
2847 1
2848 2
2849 1
2850 0
2851 0
2852 0
2853 0
2854 0
2855 0
2856 1
2857 0
2858 1
2859 2
2860 0
2861 0
2862 0
2863 2
2864 0
2865 1
2866 0
2867 2
2868 1
2869 0
2870 0
2871 2
2872 1
2873 0
2874 0
2875 1
2876 1
2877 1
2878 0
2879 2
2880 2
2881 0
2882 0
2883 1
2884 2
2885 0
2886 1
2887 0
2888 0
2889 0
2890 1
2891 1
2892 0
2893 1
2894 0
2895 0
2896 0
2897 0
2898 0
2899 0
2900 1
2901 0
2902 0
2903 0
2904 1
2905 1
2906 0
2907 1
2908 0
2909 0
2910 0
2911 2
2912 0
2913 1
2914 1
2915 0
2916 0
2917 0
2918 0
2919 0
2920 4
2921 0
2922 0
2923 2
2924 1
2925 0
2926 1
2927 0
2928 0
2929 0
2930 0
2931 1
2932 0
2933 0
2934 0
2935 2
2936 0
2937 1
2938 0
2939 0
2940 1
2941 0
2942 1
2943 0
2944 1
2945 0
2946 0
2947 1
2948 2
2949 1
2950 0
2951 0
2952 0
2953 1
2954 0
2955 0
2956 0
2957 0
2958 0
2959 0
2960 0
2961 0
2962 0
2963 1
2964 0
2965 0
2966 0
2967 0
2968 1
2969 0
2970 2
2971 0
2972 1
2973 0
2974 0
2975 0
2976 1
2977 0
2978 0
2979 1
2980 1
2981 0
2982 0
2983 0
2984 0
2985 0
2986 0
2987 0
2988 0
2989 0
2990 0
2991 0
2992 0
2993 1
2994 0
2995 1
2996 1
2997 0
2998 1
2999 1
3000 1
3001 1
3002 0
3003 2
3004 0
3005 0
3006 1
3007 1
3008 1
3009 1
3010 2
3011 0
3012 0
3013 2
3014 1
3015 1
3016 0
3017 0
3018 0
3019 1
3020 1
3021 0
3022 0
3023 0
3024 1
3025 0
3026 0
3027 0
3028 0
3029 0
3030 1
3031 0
3032 0
3033 0
3034 0
3035 1
3036 0
3037 0
3038 2
3039 1
3040 0
3041 0
3042 1
3043 1
3044 1
3045 0
3046 0
3047 2
3048 0
3049 1
3050 0
3051 0
3052 0
3053 1
3054 1
3055 0
3056 1
3057 0
3058 1
3059 0
3060 1
3061 0
3062 0
3063 0
3064 0
3065 0
3066 0
3067 0
3068 0
3069 0
3070 1
3071 1
3072 0
3073 0
3074 1
3075 0
3076 0
3077 1
3078 0
3079 0
3080 0
3081 0
3082 1
3083 0
3084 0
3085 0
3086 0
3087 0
3088 0
3089 0
3090 0
3091 0
3092 0
3093 1
3094 0
3095 0
3096 1
3097 0
3098 0
3099 1
3100 0
3101 0
3102 1
3103 0
3104 1
3105 0
3106 0
3107 0
3108 0
3109 0
3110 0
3111 0
3112 1
3113 0
3114 0
3115 3
3116 0
3117 0
3118 1
3119 2
3120 1
3121 0
3122 0
3123 0
3124 0
3125 0
3126 0
3127 0
3128 0
3129 0
3130 0
3131 0
3132 0
3133 0
3134 0
3135 0
3136 0
3137 0
3138 0
3139 0
3140 0
3141 0
3142 0
3143 0
3144 0
3145 1
3146 0
3147 0
3148 0
3149 0
3150 0
3151 1
3152 0
3153 0
3154 0
3155 1
3156 1
3157 0
3158 0
3159 0
3160 0
3161 0
3162 0
3163 1
3164 0
3165 0
3166 0
3167 0
3168 0
3169 0
3170 0
3171 0
3172 1
3173 0
3174 0
3175 0
3176 0
3177 0
3178 0
3179 0
3180 1
3181 0
3182 0
3183 0
3184 0
3185 0
3186 0
3187 1
3188 0
3189 0
3190 1
3191 0
3192 0
3193 0
3194 0
3195 0
3196 0
3197 1
3198 0
3199 0
3200 0
3201 2
3202 0
3203 1
3204 0
3205 0
3206 1
3207 0
3208 0
3209 1
3210 0
3211 0
3212 0
3213 0
3214 0
3215 0
3216 0
3217 0
3218 1
3219 0
3220 0
3221 0
3222 0
3223 0
3224 0
3225 0
3226 0
3227 0
3228 0
3229 0
3230 0
3231 0
3232 0
3233 0
3234 0
3235 0
3236 0
3237 0
3238 0
3239 0
3240 0
3241 0
3242 0
3243 0
3244 0
3245 0
3246 0
3247 0
3248 0
3249 0
3250 0
3251 0
3252 0
3253 0
3254 0
3255 0
3256 0
3257 0
3258 0
3259 0
3260 0
3261 1
3262 0
3263 0
3264 0
3265 0
3266 0
3267 0
3268 0
3269 1
3270 0
3271 0
3272 0
3273 0
3274 1
3275 1
3276 0
3277 0
3278 0
3279 0
3280 0
3281 0
3282 1
3283 0
3284 0
3285 0
3286 0
3287 1
3288 0
3289 0
3290 0
3291 0
3292 0
3293 0
3294 0
3295 0
3296 0
3297 0
3298 0
3299 0
3300 0
3301 0
3302 0
3303 0
3304 0
3305 0
3306 0
3307 0
3308 0
3309 0
3310 0
3311 0
3312 0
3313 0
3314 0
3315 0
3316 0
3317 0
3318 0
3319 0
3320 0
3321 0
3322 0
3323 0
3324 0
3325 1
3326 0
3327 1
3328 0
3329 0
3330 0
3331 1
3332 0
3333 0
3334 0
3335 0
3336 0
3337 0
3338 2
3339 0
3340 0
3341 0
3342 0
3343 0
3344 0
3345 0
3346 0
3347 0
3348 0
3349 0
3350 0
3351 0
3352 0
3353 0
3354 0
3355 0
3356 1
3357 0
3358 0
3359 0
3360 0
3361 0
3362 0
3363 0
3364 0
3365 0
3366 0
3367 0
3368 0
3369 0
3370 0
3371 0
3372 0
3373 0
3374 0
3375 0
3376 0
3377 0
3378 0
3379 0
3380 0
3381 0
3382 1
3383 0
3384 0
3385 0
3386 0
3387 0
3388 0
3389 0
3390 0
3391 0
3392 0
3393 0
3394 0
3395 0
3396 0
3397 0
3398 0
3399 0
3400 0
3401 0
3402 0
3403 0
3404 1
3405 0
3406 0
3407 0
3408 0
3409 0
3410 0
3411 1
3412 0
3413 0
3414 0
3415 0
3416 0
3417 1
3418 0
3419 0
3420 0
3421 0
3422 0
3423 0
3424 0
3425 0
3426 0
3427 0
3428 0
3429 0
3430 0
3431 0
3432 0
3433 0
3434 0
3435 0
3436 0
3437 0
3438 1
3439 0
3440 0
3441 0
3442 0
3443 0
3444 0
3445 0
3446 0
3447 0
3448 0
3449 0
3450 0
3451 0
3452 0
3453 0
3454 0
3455 0
3456 0
3457 0
3458 0
3459 0
3460 0
3461 0
3462 0
3463 0
3464 0
3465 0
3466 0
3467 2
3468 0
3469 0
3470 0
3471 0
3472 0
3473 0
3474 0
3475 1
3476 0
3477 0
3478 0
3479 0
3480 0
3481 0
3482 0
3483 0
3484 0
3485 0
3486 0
3487 0
3488 0
3489 0
3490 0
3491 0
3492 0
3493 0
3494 0
3495 0
3496 0
3497 0
3498 0
3499 0
3500 0
3501 0
3502 0
3503 0
3504 0
3505 0
3506 0
3507 0
3508 0
3509 0
3510 0
3511 0
3512 0
3513 1
3514 0
3515 0
3516 0
3517 0
3518 0
3519 0
3520 0
3521 0
3522 0
3523 0
3524 0
3525 0
3526 0
3527 0
3528 0
3529 0
3530 0
3531 0
3532 0
3533 0
3534 0
3535 0
3536 0
3537 0
3538 0
3539 0
3540 0
3541 0
3542 0
3543 0
3544 0
3545 0
3546 0
3547 0
3548 0
3549 0
3550 0
3551 0
3552 0
3553 0
3554 0
3555 0
3556 0
3557 0
3558 0
3559 0
3560 0
3561 0
3562 0
3563 0
3564 0
3565 0
3566 0
3567 0
3568 0
3569 0
3570 0
3571 0
3572 0
3573 0
3574 0
3575 0
3576 0
3577 0
3578 0
3579 0
3580 0
3581 0
3582 0
3583 0
3584 0
3585 0
3586 0
3587 0
3588 0
3589 0
3590 0
3591 0
3592 0
3593 0
3594 0
3595 0
3596 0
3597 0
3598 0
3599 0
3600 0
3601 0
3602 0
3603 0
3604 1
3605 0
3606 0
3607 0
3608 0
3609 0
3610 0
3611 0
3612 0
3613 0
3614 0
3615 0
3616 0
3617 0
3618 0
3619 0
3620 0
3621 0
3622 0
3623 0
3624 0
3625 0
3626 0
3627 0
3628 0
3629 0
3630 0
3631 0
3632 0
3633 0
3634 0
3635 0
3636 0
3637 0
3638 0
3639 0
3640 0
3641 0
3642 0
3643 0
3644 0
3645 0
3646 0
3647 0
3648 0
3649 0
3650 0
3651 0
3652 0
3653 0
3654 0
3655 0
3656 0
3657 0
3658 0
3659 0
3660 0
3661 0
3662 0
3663 0
3664 0
3665 0
3666 0
3667 0
3668 0
3669 0
3670 0
3671 0
3672 0
3673 0
3674 0
3675 0
3676 0
3677 0
3678 0
3679 0
3680 0
3681 0
3682 0
3683 0
3684 0
3685 0
3686 0
3687 0
3688 0
3689 0
3690 0
3691 0
3692 0
3693 0
3694 0
3695 0
3696 0
3697 0
3698 0
3699 0
3700 0
3701 0
3702 0
3703 0
3704 0
3705 0
3706 0
3707 0
3708 0
3709 0
3710 0
3711 0
3712 0
3713 0
3714 0
3715 0
3716 0
3717 0
3718 0
3719 0
3720 0
3721 0
3722 0
3723 0
3724 0
3725 0
3726 0
3727 0
3728 0
3729 0
3730 0
3731 0
3732 0
3733 0
3734 0
3735 0
3736 0
3737 0
3738 0
3739 0
3740 0
3741 0
3742 0
3743 0
3744 0
3745 0
3746 0
3747 0
3748 0
3749 0
3750 0
3751 0
3752 0
3753 0
3754 0
3755 0
3756 0
3757 0
3758 0
3759 0
3760 0
3761 0
3762 0
3763 0
3764 0
3765 0
3766 0
3767 0
3768 0
3769 0
3770 0
3771 0
3772 0
3773 0
3774 0
3775 0
3776 0
3777 0
3778 0
3779 0
3780 0
3781 0
3782 0
3783 0
3784 0
3785 0
3786 0
3787 0
3788 0
3789 0
3790 0
3791 0
3792 0
3793 0
3794 0
3795 0
3796 0
3797 0
3798 0
3799 0
3800 0
3801 0
3802 0
3803 0
3804 0
3805 0
3806 0
3807 0
3808 0
3809 0
3810 0
3811 0
3812 0
3813 0
3814 0
3815 0
3816 0
3817 0
3818 0
3819 0
3820 0
3821 0
3822 0
3823 0
3824 0
3825 0
3826 0
3827 0
3828 0
3829 0
3830 0
3831 0
3832 0
3833 0
3834 0
3835 0
3836 0
3837 0
3838 0
3839 0
3840 0
3841 0
3842 0
3843 0
3844 0
3845 0
3846 0
3847 0
3848 0
3849 0
3850 0
3851 0
3852 0
3853 0
3854 0
3855 0
3856 0
3857 0
3858 0
3859 0
3860 0
3861 0
3862 0
3863 0
3864 0
3865 0
3866 0
3867 0
3868 0
3869 0
3870 0
3871 0
3872 0
3873 0
3874 0
3875 0
3876 0
3877 0
3878 0
3879 0
3880 0
3881 0
3882 0
3883 0
3884 0
3885 0
3886 0
3887 0
3888 0
3889 0
3890 0
3891 0
3892 0
3893 0
3894 0
3895 0
3896 0
3897 0
3898 0
3899 0
3900 0
3901 0
3902 0
3903 0
3904 0
3905 0
3906 0
3907 0
3908 0
3909 0
3910 0
3911 0
3912 0
3913 0
3914 0
3915 0
3916 0
3917 0
3918 0
3919 0
3920 0
3921 0
3922 0
3923 0
3924 0
3925 0
3926 0
3927 0
3928 0
3929 0
3930 0
3931 0
3932 0
3933 0
3934 0
3935 0
3936 0
3937 0
3938 0
3939 0
3940 0
3941 0
3942 0
3943 0
3944 0
3945 0
3946 1
3947 0
3948 0
3949 0
3950 0
3951 0
3952 0
3953 0
3954 0
3955 0
3956 0
3957 0
3958 0
3959 0
3960 0
3961 0
3962 0
3963 0
3964 0
3965 0
3966 0
3967 0
3968 0
3969 0
3970 0
3971 0
3972 0
3973 0
3974 0
3975 0
3976 0
3977 0
3978 0
3979 0
3980 0
3981 0
3982 0
3983 0
3984 0
3985 0
3986 0
3987 0
3988 0
3989 0
3990 0
3991 0
3992 0
3993 0
3994 0
3995 0
3996 0
3997 0
3998 0
3999 0
4000 0
